26
0 27 2 100 2500000000 2000000
1 26 2 100 2500000000 2000000
2 26 2 100 65536 2002800
3 26 2 100 65536 2002800
4 26 2 100 65536 2002800
5 26 2 100 65536 2002800
6 26 2 100 65536 2002800
7 26 2 100 65536 2002800
8 26 2 100 65536 2002800
9 26 2 100 65536 2002800
10 26 2 100 65536 2002800
11 26 2 100 65536 2002800
12 26 2 100 65536 2002800
13 26 2 100 65536 2002800
14 26 2 100 65536 2002800
15 26 2 100 65536 2002800
16 26 2 100 65536 2002800
17 26 2 100 65536 2002800
18 26 2 100 65536 2002800
19 26 2 100 65536 2002800
20 26 2 100 65536 2002800
21 26 2 100 65536 2002800
22 26 2 100 65536 2002800
23 26 2 100 65536 2002800
24 26 2 100 65536 2002800
25 26 2 100 65536 2002800
